# <2, 3, 3> : 15
#
# "On minimizing the number of multiplication necessary for matrix multiplication"
# John Edward Hopcroft and Leslie R. Kerr
# https://epubs.siam.org/doi/10.1137/0120004

2 3 3 15

0   0   0   0   1   1   1   0   0   0   0   1   1   -1  0
0   0   0   1   0   0   1   -1  0   -1  -1  0   0   0   0
0   1   0   0   0   0   0   1   0   1   1   0   0   1   0
0   0   0   0   1   0   0   0   1   0   0   1   0   -1  -1
1   0   0   1   0   0   0   0   1   -1  -1  0   -1  0   0
0   0   1   0   0   0   0   0   0   1   0   -1  0   1   1

0   0   0   0   1   -1  0   0   0   0   0   0   0   0   0
-1  0   0   0   -1  0   0   0   1   0   0   0   -1  0   0
0   0   1   0   0   -1  0   0   0   0   0   1   0   0   1
0   0   0   -1  0   1   1   0   0   0   0   0   1   0   0
1   0   0   1   0   0   0   0   0   0   0   0   0   0   0
1   1   0   0   0   0   0   1   0   0   -1  0   0   0   0
0   1   0   0   1   0   0   0   0   0   0   -1  0   1   0
0   0   1   1   0   0   0   0   0   1   1   0   0   0   0
0   1   1   0   0   0   0   0   0   0   0   0   0   0   0

0   0   0   0   0   -1  1   0   0   0   0   -1  0   1   -1
-1  0   0   1   0   0   1   1   0   0   1   0   -1  0   0
0   1   0   0   0   0   0   -1  0   0   0   1   0   -1  1
0   0   0   0   1   1   0   0   1   0   0   1   -1  0   1
1   0   0   0   0   0   0   -1  1   1   -1  0   0   0   0
0   0   1   0   0   0   0   1   0   -1  1   0   0   0   -1
