# <6, 3, 3> : 40
#
# "The bilinear complexity and practical algorithms for matrix multiplication"
# Alexey Vladimirovich Smirnov
# http://www.mathnet.ru/php/archive.phtml?wshow=paper&jrnid=zvmmf&paperid=9955&option_lang=eng

6 3 3 40

-0.125 0.125 0 -0.125 -0.125 0 0 0.125 0 0 0 -0.125 -0.125 0 0 -0.125 -0.125 -0.125 0.125 0.125 -0.125 -0.125 0 0 -0.125 -0.125 0 0 0 0 0 0 -0.125 0.125 -0.125 -0.125 0.125 0.125 0.125 0.125 
-0.125 0.125 0 0.125 0.125 0 0 -0.125 0 0 0 -0.125 -0.125 0 0 0.125 0.125 0.125 0.125 0.125 0.125 -0.125 0 0 -0.125 0.125 0 0 0 0 0 0 -0.125 0.125 -0.125 0.125 0.125 -0.125 -0.125 -0.125 
0 0 -0.125 0 0 0.125 0.125 0 -0.125 -0.125 -0.125 0 0 -0.125 0.125 0 0 0 0 0 0 0 0.125 0.125 0 0 0.125 -0.125 0.125 -0.125 0.125 0.125 0 0 0 0 0 0 0 0 
-1 0 0 1 0 1 0 1 0 -1 1 0 1 0 -1 0 0 1 0 1 0 0 1 -1 -1 -1 1 1 1 1 1 -1 1 0 1 -1 0 0 -1 0 
0 1 1 0 -1 0 -1 0 1 0 0 1 0 1 0 1 1 0 1 0 1 1 0 0 0 0 0 0 0 0 0 0 0 1 0 0 -1 1 0 1 
1 0 0 -1 0 1 0 1 0 1 1 0 1 0 1 0 0 -1 0 -1 0 0 1 1 1 -1 -1 1 1 1 -1 1 1 0 1 -1 0 0 1 0 
0 -1 -1 0 -1 0 -1 0 1 0 0 -1 0 -1 0 1 0 -1 0 1 0 0 1 -1 1 -1 1 1 1 1 1 -1 -1 0 1 1 0 0 -1 0 
1 0 0 1 0 1 0 1 0 -1 -1 0 -1 0 1 0 -1 0 -1 0 1 1 0 0 0 0 0 0 0 0 0 0 0 1 0 0 1 -1 0 1 
0 1 1 0 1 0 -1 0 -1 0 0 -1 0 -1 0 1 0 1 0 1 0 0 -1 -1 -1 1 -1 1 1 -1 1 1 -1 0 -1 1 0 0 -1 0 
0 -1 0 0 1 -1 0 0 0 1 1 -1 0 0 -1 -1 0 1 0 1 0 0 0 0 1 1 0 0 0 0 0 0 -1 0 1 -1 0 0 1 0 
1 0 1 -1 0 0 1 -1 -1 0 0 0 -1 1 0 0 1 0 -1 0 -1 1 -1 1 0 0 -1 -1 -1 -1 -1 1 0 1 0 0 1 1 0 -1 
1 0 1 1 0 0 1 -1 1 0 0 0 1 -1 0 0 1 0 -1 0 1 1 -1 1 0 0 -1 -1 1 1 1 -1 0 -1 0 0 -1 -1 0 -1 
0 0 -0.125 0 0 -0.125 -0.125 0 -0.125 -0.125 0.125 0 0 0.125 0.125 0 -0.125 -0.125 0.125 -0.125 -0.125 -0.125 0 0 -0.125 0.125 0 0 0 0 0 0 -0.125 0.125 0.125 -0.125 0.125 0.125 -0.125 0.125 
0 0 -0.125 0 0 0.125 0.125 0 0.125 0.125 0.125 0 0 0.125 0.125 0 -0.125 -0.125 -0.125 -0.125 0.125 -0.125 0 0 0.125 -0.125 0 0 0 0 0 0 0.125 0.125 0.125 -0.125 -0.125 0.125 0.125 -0.125 
-0.125 0.125 0 -0.125 -0.125 0 0 -0.125 0 0 0 0.125 0.125 0 0 0.125 0 0 0 0 0 0 -0.125 -0.125 0 0 0.125 -0.125 0.125 0.125 -0.125 0.125 0 0 0 0 0 0 0 0 
1 0 1 1 0 0 -1 1 1 0 0 0 -1 1 0 0 0 1 0 -1 0 0 0 0 1 -1 0 0 0 0 0 0 -1 0 -1 -1 0 0 -1 0 
0 -1 0 0 -1 1 0 0 0 -1 1 -1 0 0 -1 1 1 0 -1 0 1 -1 1 -1 0 0 1 1 1 1 1 -1 0 -1 0 0 1 1 0 1 
0 -1 0 0 1 1 0 0 0 1 -1 1 0 0 -1 1 1 0 -1 0 1 1 1 -1 0 0 -1 -1 1 -1 -1 -1 0 -1 0 0 -1 -1 0 -1 

1 1 -1 -1 1 -1 -1 1 -1 -1 1 1 -1 -1 -1 1 0 1 0 0 -1 -1 0 0 -1 0 1 -1 1 0 0 1 1 1 0 1 0 0 0 -1 
0 0 0 0 0 0 0 0 0 0 0 0 0 0 0 0 0 1 0 1 0 0 0 0 1 -1 0 0 0 0 0 0 -1 0 1 1 0 0 -1 0 
1 -1 -1 1 1 1 -1 1 1 -1 1 1 1 1 1 -1 0 0 0 1 1 -1 0 0 0 1 1 -1 -1 0 0 -1 0 -1 -1 0 0 0 -1 -1 
0 0 0 0 0 0 0 0 0 0 0 0 0 0 0 0 -1 0 -1 0 1 -1 0 0 0 0 0 0 0 0 0 0 0 1 0 0 -1 -1 0 1 
1 1 1 -1 1 1 1 1 1 1 -1 1 -1 1 1 1 -1 0 1 1 0 0 -1 -1 0 1 0 0 0 1 -1 0 0 0 1 0 1 -1 1 0 
1 -1 -1 -1 -1 -1 1 -1 -1 1 1 1 1 1 1 1 0 0 0 1 -1 -1 1 -1 0 -1 0 0 0 -1 -1 0 0 -1 -1 0 0 0 1 1 
-1 -1 1 1 -1 -1 -1 1 1 1 1 1 -1 -1 1 1 -1 -1 -1 0 0 0 0 0 1 0 -1 -1 1 0 0 -1 1 0 0 1 1 1 0 0 
1 1 1 1 -1 1 1 1 -1 -1 1 -1 1 -1 1 1 -1 -1 1 0 0 0 -1 -1 -1 0 0 0 0 -1 1 0 -1 0 0 1 -1 1 0 0 
0 0 0 0 0 0 0 0 0 0 0 0 0 0 0 0 0 0 0 0 0 0 1 -1 0 0 -1 -1 -1 1 1 1 0 0 0 0 0 0 0 0 

0 0 -1 0 0 -1 -1 0 -1 -1 -1 0 0 1 1 0 -1 -1 -1 1 1 1 0 0 1 -1 0 0 0 0 0 0 -1 1 -1 -1 -1 1 1 -1 
0 0 -1 0 0 1 1 0 1 1 -1 0 0 1 1 0 -1 -1 1 1 -1 1 0 0 -1 1 0 0 0 0 0 0 1 1 -1 -1 1 1 -1 1 
-1 -1 0 -1 -1 0 0 1 0 0 0 -1 -1 0 0 1 0 0 0 0 0 0 1 -1 0 0 -1 1 -1 -1 1 1 0 0 0 0 0 0 0 0 
-0.125 0 0 -0.125 0 -0.125 0 0.125 0 0.125 0.125 0 -0.125 0 0.125 0 -0.125 0 -0.125 0 0.125 -0.125 0 0 0 0 0 0 0 0 0 0 0 0.125 0 0 0.125 -0.125 0 0.125 
0 0.125 0.125 0 -0.125 0 -0.125 0 0.125 0 0 0.125 0 0.125 0 0.125 0 0.125 0 0.125 0 0 -0.125 -0.125 -0.125 0.125 -0.125 -0.125 -0.125 -0.125 -0.125 -0.125 -0.125 0 0.125 -0.125 0 0 0.125 0 
0 -0.125 -0.125 0 0.125 0 -0.125 0 -0.125 0 0 0.125 0 0.125 0 0.125 0 -0.125 0 0.125 0 0 0.125 -0.125 0.125 -0.125 0.125 -0.125 -0.125 0.125 -0.125 0.125 -0.125 0 -0.125 -0.125 0 0 0.125 0 
0 -0.125 0.125 0 -0.125 0 0.125 0 -0.125 0 0 -0.125 0 0.125 0 0.125 0.125 0 0.125 0 0.125 -0.125 0 0 0 0 0 0 0 0 0 0 0 0.125 0 0 -0.125 0.125 0 0.125 
0.125 0 0 -0.125 0 0.125 0 0.125 0 -0.125 0.125 0 0.125 0 0.125 0 0 -0.125 0 0.125 0 0 0.125 0.125 0.125 0.125 0.125 0.125 0.125 0.125 0.125 0.125 0.125 0 0.125 0.125 0 0 0.125 0 
0.125 0 0 -0.125 0 -0.125 0 -0.125 0 -0.125 -0.125 0 -0.125 0 0.125 0 0 -0.125 0 0.125 0 0 -0.125 0.125 0.125 -0.125 0.125 -0.125 -0.125 -0.125 0.125 0.125 -0.125 0 -0.125 -0.125 0 0 0.125 0 
0 -0.125 0 0 0.125 0.125 0 0 0 -0.125 0.125 -0.125 0 0 0.125 -0.125 -0.125 0 0.125 0 -0.125 -0.125 0.125 0.125 0 0 0.125 0.125 0.125 0.125 0.125 0.125 0 0.125 0 0 -0.125 -0.125 0 -0.125 
0.125 0 0.125 0.125 0 0 0.125 -0.125 -0.125 0 0 0 0.125 0.125 0 0 0 0.125 0 0.125 0 0 0 0 0.125 -0.125 0 0 0 0 0 0 0.125 0 0.125 -0.125 0 0 -0.125 0 
0 0.125 0 0 0.125 -0.125 0 0 0 -0.125 0.125 -0.125 0 0 -0.125 0.125 0.125 0 -0.125 0 0.125 -0.125 -0.125 -0.125 0 0 0.125 0.125 -0.125 0.125 0.125 -0.125 0 -0.125 0 0 -0.125 -0.125 0 -0.125 
1 -1 0 -1 1 0 0 -1 0 0 0 1 -1 0 0 1 1 -1 1 1 1 1 0 0 1 -1 0 0 0 0 0 0 -1 1 -1 -1 1 -1 1 -1 
-1 1 0 -1 1 0 0 -1 0 0 0 -1 1 0 0 1 1 -1 -1 -1 1 -1 0 0 -1 -1 0 0 0 0 0 0 1 -1 1 -1 -1 -1 1 -1 
0 0 1 0 0 -1 1 0 -1 1 1 0 0 1 1 0 0 0 0 0 0 0 -1 1 0 0 -1 1 -1 1 -1 1 0 0 0 0 0 0 0 0 
0.125 0 -0.125 -0.125 0 0 0.125 0.125 -0.125 0 0 0 0.125 -0.125 0 0 -0.125 0 0.125 0 0.125 0.125 0.125 0.125 0 0 0.125 0.125 0.125 0.125 0.125 0.125 0 -0.125 0 0 -0.125 -0.125 0 0.125 
0 -0.125 0 0 -0.125 0.125 0 0 0 -0.125 -0.125 -0.125 0 0 -0.125 0.125 0 0.125 0 -0.125 0 0 0 0 0.125 0.125 0 0 0 0 0 0 0.125 0 -0.125 -0.125 0 0 0.125 0 
0.125 0 -0.125 0.125 0 0 0.125 0.125 0.125 0 0 0 -0.125 0.125 0 0 -0.125 0 0.125 0 -0.125 0.125 0.125 0.125 0 0 0.125 0.125 -0.125 -0.125 -0.125 -0.125 0 0.125 0 0 0.125 0.125 0 0.125 
