# <3, 3, 3> : 23
#
# A noncommutative algorithm for multiplying 3 x 3 matrices using 23 multiplications
# Julian D. Laderman 
# http://www.ams.org/journals/bull/1976-82-01/S0002-9904-1976-13988-2/S0002-9904-1976-13988-2.pdf

3 3 3 23

1   1   0   -1  0   1   -1  -1  0   1   0   0   0   0   0   0   0   0   0   0   0   0   0
1   0   0   0   0   0   0   0   0   1   0   0   0   0   0   0   0   0   1   0   0   0   0
1   0   0   0   0   0   0   0   0   1   0   -1  1   1   0   -1  1   0   0   0   0   0   0
-1  -1  0   1   1   0   0   0   0   0   0   0   0   0   0   0   0   0   0   0   1   0   0
-1  0   1   1   1   0   0   0   0   -1  0   0   0   0   0   1   0   1   0   0   0   0   0
0   0   0   0   0   0   0   0   0   -1  0   0   0   0   0   1   -1  1   0   1   0   0   0
0   0   0   0   0   0   1   1   1   -1  0   0   0   0   0   0   0   0   0   0   0   1   0
-1  0   0   0   0   0   1   0   1   -1  1   1   0   0   1   0   0   0   0   0   0   0   0
-1  0   0   0   0   0   0   0   0   0   0   1   -1  0   1   0   0   0   0   0   0   0   1

0   0   -1  1   -1  1   1   0   -1  0   -1  0   0   0   0   0   0   0   0   0   0   0   0
0   0   1   -1  1   0   0   0   0   0   0   0   0   0   0   0   0   0   0   0   0   1   0
0   0   0   0   0   0   -1  1   1   0   1   0   0   0   0   0   0   0   0   0   1   0   0
0   -1  1   0   0   0   0   0   0   0   1   0   0   0   0   0   0   0   1   0   0   0   0
1   1   -1  1   0   0   0   0   0   0   -1  1   1   0   0   0   0   0   0   0   0   0   0
0   0   -1  0   0   0   1   -1  0   1   -1  0   0   0   0   1   1   0   0   0   0   0   0
0   0   -1  0   0   0   0   0   0   0   -1  1   0   1   -1  1   0   -1  0   0   0   0   0
0   0   0   0   0   0   0   0   0   0   1   -1  -1  0   1   0   0   0   0   1   0   0   0
0   0   1   0   0   0   0   0   0   0   0   0   0   0   0   -1  -1  1   0   0   0   0   1

0   0   0   0   0   1   0   0   0   0   0   0   0   1   0   0   0   0   1   0   0   0   0
1   0   0   1   1   1   0   0   0   0   0   1   0   1   1   0   0   0   0   0   0   0   0
0   0   0   0   0   1   1   0   1   1   0   0   0   1   0   1   0   1   0   0   0   0   0
0   1   1   1   0   1   0   0   0   0   0   0   0   1   0   1   1   0   0   0   0   0   0
0   1   0   1   1   1   0   0   0   0   0   0   0   0   0   0   0   0   0   1   0   0   0
0   0   0   0   0   0   0   0   0   0   0   0   0   1   0   1   1   1   0   0   1   0   0
0   0   0   0   0   1   1   1   0   0   1   1   1   1   0   0   0   0   0   0   0   0   0
0   0   0   0   0   0   0   0   0   0   0   1   1   1   1   0   0   0   0   0   0   1   0
0   0   0   0   0   1   1   1   1   0   0   0   0   0   0   0   0   0   0   0   0   0   1